token:
  access_token: 9xfNxZHiyijMIxalBELx6hK3ymwhcR5lIlJLfdRm
  expires_at: 1572622701.7263072
  expires_in: 604800
  token_type: Bearer
token_expiration: 2019-11-01 15:38:21.726307
